      UTCTime       Week   GPSTime         Latitude        Longitude        H-Ell VelBdyX VelBdyY VelBdyZ AccBdyX AccBdyY AccBdyZ           Roll          Pitch        Heading Q
        (sec)    (weeks)     (sec)       (+/-D M S)       (+/-D M S)          (m)   (m/s)   (m/s)   (m/s) (m/s^2) (m/s^2) (m/s^2)          (deg)          (deg)          (deg)  
1621579356.00 2158.00000 456174.00   22 18 18.01207  114 11 22.40135        2.436   0.002   2.975  -0.025  -0.751  -0.374  -0.014   1.5186590135   0.4120082209 119.3106055846 2
1621579357.00 2158.00000 456175.00   22 18 17.97213  114 11 22.48775        2.444  -0.021   2.634  -0.012  -0.186  -0.245   0.062   0.8906972700   0.3201860047 114.0807041264 2
1621579358.00 2158.00000 456176.00   22 18 17.93718  114 11 22.57531        2.443   0.049   3.201  -0.043  -0.107   1.393  -0.100  -0.2484917957   0.6847533201 112.5041362686 2
1621579359.00 2158.00000 456177.00   22 18 17.88897  114 11 22.69355        2.445   0.085   4.026  -0.023  -0.052  -0.107   0.294  -1.1660092201   0.4335514340 113.1725889395 2
1621579360.00 2158.00000 456178.00   22 18 17.83379  114 11 22.81678        2.454   0.087   3.819  -0.024  -0.027  -0.326   0.048  -1.3591590225   0.4296438618 115.3956365367 2
1621579361.00 2158.00000 456179.00   22 18 17.77722  114 11 22.93111        2.450   0.080   3.660  -0.038   0.150   0.262  -0.023  -1.6581398591   0.2152717028 117.7104375952 2
1621579362.00 2158.00000 456180.00   22 18 17.71292  114 11 23.04843        2.442   0.125   4.220  -0.035   0.116   0.656  -0.327  -1.7174467205   0.6192126779 120.1828650728 2
1621579363.00 2158.00000 456181.00   22 18 17.63189  114 11 23.18122        2.448   0.111   4.899  -0.050  -0.325   0.362  -0.178  -1.3903909519   0.5007937608 122.5562625250 2
1621579364.00 2158.00000 456182.00   22 18 17.53662  114 11 23.33089        2.444   0.120   5.332  -0.046  -0.468  -0.001  -0.899  -1.4382959531   0.8310810114 123.2566060267 2
1621579365.00 2158.00000 456183.00   22 18 17.43846  114 11 23.48159        2.478   0.156   5.202  -0.021   0.189  -0.079   0.116  -0.9145724213   0.1080655697 123.6711295324 2
1621579366.00 2158.00000 456184.00   22 18 17.34243  114 11 23.62876        2.458   0.100   5.220  -0.054   0.307   1.854  -0.154  -0.9596470111   0.8266233998 123.6623002527 2
1621579367.00 2158.00000 456185.00   22 18 17.23803  114 11 23.79017        2.455   0.135   5.965  -0.053  -0.366   0.100   0.259  -1.2846401316   0.3737403698 123.4354318842 2
1621579368.00 2158.00000 456186.00   22 18 17.11928  114 11 23.97400        2.489   0.262   6.676  -0.036   0.566  -0.072   0.035  -0.3854000609   0.9565358502 122.9455988060 2
1621579369.00 2158.00000 456187.00   22 18 16.99722  114 11 24.16487        2.555   0.163   6.547  -0.044  -0.395   0.061   0.019   0.1313964112   0.6486741678 122.9219642969 2
1621579370.00 2158.00000 456188.00   22 18 16.87743  114 11 24.35083        2.555   0.160   6.551  -0.026  -0.520   0.542  -0.119  -0.2487152493  -0.0200821707 123.5282567766 2
1621579371.00 2158.00000 456189.00   22 18 16.75087  114 11 24.54464        2.509   0.104   6.905  -0.043  -0.981   0.905  -0.600  -0.6931929884   0.0567457400 123.7441300850 2
1621579372.00 2158.00000 456190.00   22 18 16.61700  114 11 24.74948        2.466   0.216   7.373  -0.096  -0.347   0.142   0.443  -0.5723619190   0.4815251902 123.6756215215 2
1621579373.00 2158.00000 456191.00   22 18 16.47539  114 11 24.96951        2.489   0.130   7.872  -0.075   0.388  -0.091  -0.791  -0.2874414667   0.6920929095 123.0973409484 2
1621579374.00 2158.00000 456192.00   22 18 16.32714  114 11 25.20082        2.517   0.208   8.123  -0.037  -0.284  -0.107  -0.556   0.5899746416   0.6884603571 122.7040799066 2
1621579375.00 2158.00000 456193.00   22 18 16.17932  114 11 25.43826        2.531   0.209   8.222  -0.012  -0.613   0.387  -0.630   0.1645362900   0.3629630336 121.9671759679 2
1621579376.00 2158.00000 456194.00   22 18 16.03765  114 11 25.67190        2.507   0.199   7.663  -0.040  -0.883  -1.229  -0.564  -1.3938917240   0.0814230323 121.6466862957 2
1621579377.00 2158.00000 456195.00   22 18 15.90918  114 11 25.88665        2.543   0.195   6.904  -0.008   0.713  -1.083  -0.827  -1.5400417984   0.1749068261 120.7757159626 2
1621579378.00 2158.00000 456196.00   22 18 15.79671  114 11 26.07845        2.556   0.164   6.037   0.011  -0.125  -0.713  -0.117  -1.2700583557  -0.0583041852 120.5362539817 2
1621579379.00 2158.00000 456197.00   22 18 15.70178  114 11 26.24146        2.560   0.149   5.023  -0.018  -0.398  -1.400   0.153  -1.0898459404   0.4734121078 119.9154083740 2
1621579380.00 2158.00000 456198.00   22 18 15.63241  114 11 26.37999        2.587   0.075   4.040  -0.044  -0.695  -0.532  -0.324  -0.4801157140   0.4432172320 112.4332671190 2
1621579381.00 2158.00000 456199.00   22 18 15.60226  114 11 26.51131        2.602  -0.096   3.680  -0.044  -0.956  -0.216   0.084  -0.0576968500   0.6741879784  94.8691656951 2
1621579382.00 2158.00000 456200.00   22 18 15.61446  114 11 26.63476        2.630  -0.172   3.381  -0.003  -0.962  -0.482  -0.104  -0.0967496533   0.3574683684  75.5690136112 2
1621579383.00 2158.00000 456201.00   22 18 15.66425  114 11 26.74637        2.654  -0.092   3.792  -0.020  -1.991   0.534   0.248  -0.1422310431   0.7855709737  56.0947854900 2
1621579384.00 2158.00000 456202.00   22 18 15.75569  114 11 26.84635        2.694   0.001   4.276   0.045   0.679  -0.367  -0.597  -1.8737381478   0.1608464418  39.4462648932 2
1621579385.00 2158.00000 456203.00   22 18 15.87865  114 11 26.93996        2.712   0.015   5.052  -0.044   0.182   1.328   0.112  -1.5738921449   0.4889679119  31.3339903846 2
1621579386.00 2158.00000 456204.00   22 18 16.02878  114 11 27.03858        2.730   0.188   5.759  -0.016   0.066   0.516  -0.385  -1.2004439836   0.8401337446  29.7047906238 2
1621579387.00 2158.00000 456205.00   22 18 16.19531  114 11 27.14921        2.776   0.178   6.282  -0.068   0.750   0.719  -0.019  -0.8281016309   0.5478335958  30.5275981246 2
1621579388.00 2158.00000 456206.00   22 18 16.37385  114 11 27.26982        2.819   0.177   6.700  -0.031  -0.817   0.337   0.345  -1.0538584613   0.6033073695  30.8243444259 2
1621579389.00 2158.00000 456207.00   22 18 16.55850  114 11 27.39559        2.833   0.163   6.676  -0.026  -0.268  -0.129   0.225  -1.3027226796   0.1690798453  31.0470015546 2
1621579390.00 2158.00000 456208.00   22 18 16.73855  114 11 27.52050        2.852   0.173   6.447  -0.047  -0.316  -0.115  -0.030  -1.2992161779   0.6623735886  31.6044092752 2
1621579391.00 2158.00000 456209.00   22 18 16.91214  114 11 27.64304        2.900   0.161   6.273   0.017   1.769  -0.067  -1.445  -1.2929422901  -0.0557086864  32.1333925596 2
1621579392.00 2158.00000 456210.00   22 18 17.07761  114 11 27.76399        2.914   0.141   6.027  -0.008   1.195   0.571  -0.595  -0.6865294893   0.7040218908  33.1900986211 3
1621579393.00 2158.00000 456211.00   22 18 17.23041  114 11 27.88099        2.962   0.043   5.414  -0.044   0.839  -1.060   0.178  -0.6563747205   0.5768768264  34.6203445172 2
1621579394.00 2158.00000 456212.00   22 18 17.36168  114 11 27.98712        2.986   0.142   4.640  -0.061   0.067  -0.043   1.202  -1.2036983839   0.4574896107  36.8750652213 2
1621579395.00 2158.00000 456213.00   22 18 17.46969  114 11 28.08584        3.020   0.167   4.153  -0.005   0.817  -0.560  -0.003  -0.2310910675   0.4454460378  40.1151759303 2
1621579396.00 2158.00000 456214.00   22 18 17.56360  114 11 28.17946        3.069   0.142   3.738   0.008  -0.041  -0.055   0.012   1.5003587415   1.1798175030  40.6099479047 2
1621579397.00 2158.00000 456215.00   22 18 17.65099  114 11 28.25611        3.151   0.060   3.190   0.012  -0.087  -0.975   0.260   1.8016543276   1.4853816247  35.7429464548 2
1621579398.00 2158.00000 456216.00   22 18 17.72971  114 11 28.31292        3.241   0.042   2.661   0.025   0.630  -0.679  -0.599   1.4503624443   1.6396104040  31.9115203830 2
1621579399.00 2158.00000 456217.00   22 18 17.79597  114 11 28.35578        3.317   0.017   2.116   0.008  -0.580  -0.595   0.102   0.6607922251   1.8119561088  29.4977752428 2
1621579400.00 2158.00000 456218.00   22 18 17.85068  114 11 28.38585        3.385  -0.013   1.697  -0.008  -0.400  -0.362   0.122  -0.3379935329   2.1054881168  25.9471729751 2
1621579401.00 2158.00000 456219.00   22 18 17.89530  114 11 28.40780        3.452   0.034   1.221   0.010  -0.121  -0.683  -0.099  -0.9772540041   2.0336277501  24.2297835504 3
1621579402.00 2158.00000 456220.00   22 18 17.92231  114 11 28.42091        3.494   0.005   0.623   0.009   0.116  -0.396   0.018  -1.2947012705   2.1570027522  24.0983470322 3
1621579403.00 2158.00000 456221.00   22 18 17.93328  114 11 28.42584        3.521   0.007   0.122   0.015  -0.205  -0.322   0.014  -1.6124693933   2.2537581350  24.0630241841 3
1621579404.00 2158.00000 456222.00   22 18 17.93405  114 11 28.42601        3.538   0.009   0.015   0.014  -0.360  -0.041   0.006  -1.5900782026   2.2956699978  24.0621647474 3
1621579405.00 2158.00000 456223.00   22 18 17.93448  114 11 28.42607        3.552   0.009   0.016   0.012   0.167  -0.060   0.051  -1.5918772901   2.2965122457  24.0606464093 3
1621579406.00 2158.00000 456224.00   22 18 17.93476  114 11 28.42618        3.565   0.013   0.010   0.012   0.211  -0.073  -0.004  -1.5929086141   2.2954809217  24.0622392319 2
1621579407.00 2158.00000 456225.00   22 18 17.93491  114 11 28.42633        3.574   0.013   0.008   0.006  -0.410  -0.035  -0.013  -1.5916824845   2.2952631977  24.0619069164 2
1621579408.00 2158.00000 456226.00   22 18 17.93498  114 11 28.42649        3.580   0.012   0.007   0.004   0.548  -0.092  -0.072  -1.5910178534   2.2954178963  24.0626746799 2
1621579409.00 2158.00000 456227.00   22 18 17.93758  114 11 28.42804        3.584   0.016   0.273  -0.006  -0.013   0.848   0.028  -1.6617953298   2.4308422008  24.0675161732 2
1621579410.00 2158.00000 456228.00   22 18 17.96164  114 11 28.44012        3.608   0.037   1.391  -0.014   0.146   1.183  -0.109  -2.2186129039   2.5322328122  24.0288701700 2
1621579411.00 2158.00000 456229.00   22 18 18.02122  114 11 28.47013        3.668   0.045   2.666  -0.062  -0.133   1.497  -0.115  -2.9586681104   2.2193520194  23.9636790320 2
1621579412.00 2158.00000 456230.00   22 18 18.11363  114 11 28.51409        3.728   0.030   3.264  -0.041  -1.066   0.051   0.205  -3.1982905195   1.1826135370  21.0756336995 2
1621579413.00 2158.00000 456231.00   22 18 18.21703  114 11 28.54712        3.751  -0.084   3.499  -0.038  -0.429  -0.304  -0.110  -3.4848037945   0.8623988845  11.0145349240 2
1621579414.00 2158.00000 456232.00   22 18 18.33160  114 11 28.55014        3.739  -0.128   3.508  -0.101  -1.454  -0.902  -0.474  -2.5619807809   0.4146438268  -7.0911094304 2
1621579415.00 2158.00000 456233.00   22 18 18.44315  114 11 28.50894        3.686  -0.152   3.669  -0.053  -0.490   0.461   0.202  -1.3101711310  -0.9263524336 -28.4728687502 2
1621579416.00 2158.00000 456234.00   22 18 18.53470  114 11 28.42474        3.582   0.037   4.043   0.038  -0.551   0.871   0.125  -1.3548331911  -0.1398991048 -47.6943136218 2
1621579417.00 2158.00000 456235.00   22 18 18.61651  114 11 28.30373        3.492   0.107   4.544  -0.112   0.120   1.464   0.755  -1.5539532136  -0.6405209783 -57.8108116865 2
1621579418.00 2158.00000 456236.00   22 18 18.70375  114 11 28.15516        3.344  -0.066   5.458  -0.143  -2.015   1.895   0.120  -2.0824953205  -0.2691984905 -58.8210222230 2
1621579419.00 2158.00000 456237.00   22 18 18.80533  114 11 27.98269        3.264   0.114   6.250  -0.078   0.218   0.509   0.019  -1.9730317337   0.3067214965 -59.0743497825 2
1621579420.00 2158.00000 456238.00   22 18 18.91983  114 11 27.78995        3.216   0.246   6.698  -0.080  -0.206   0.414  -0.432  -1.2474551707   0.5491743171 -58.5873929524 2
1621579421.00 2158.00000 456239.00   22 18 19.04358  114 11 27.58835        3.255   0.081   6.933  -0.089   0.088   1.818  -1.163  -1.2624838537   0.2552183203 -57.4264601384 2
1621579422.00 2158.00000 456240.00   22 18 19.17020  114 11 27.38630        3.232   0.081   6.835  -0.054   0.388   0.421  -0.332  -2.4540756394   0.4789640688 -56.5113147592 2
1621579423.00 2158.00000 456241.00   22 18 19.30261  114 11 27.19460        3.237   0.171   6.805  -0.055   0.131   0.669  -0.053  -1.8660948909   0.5705284541 -53.2827606090 2
1621579424.00 2158.00000 456242.00   22 18 19.44796  114 11 27.01602        3.251   0.202   6.689  -0.064   1.391  -0.729   0.129  -1.0060050263   0.2171223565 -47.5117062429 2
1621579425.00 2158.00000 456243.00   22 18 19.60790  114 11 26.85676        3.251   0.201   6.699  -0.070   0.325   0.721   0.172  -0.2192995961   0.8046676571 -41.7589063122 2
1621579426.00 2158.00000 456244.00   22 18 19.78250  114 11 26.71964        3.288   0.189   6.606  -0.053   1.559   0.114   0.280   0.1034360708   0.8856380527 -33.3839077363 2
1621579427.00 2158.00000 456245.00   22 18 19.97517  114 11 26.61690        3.352   0.250   6.705  -0.083   1.078  -0.735   0.263  -0.5511968581   0.9377313754 -23.1965405219 2
1621579428.00 2158.00000 456246.00   22 18 20.18588  114 11 26.54505        3.347   0.177   6.865  -0.082  -0.335   0.724   0.402  -1.0361884429  -0.0041023778 -16.1630481388 2
1621579429.00 2158.00000 456247.00   22 18 20.40337  114 11 26.49145        3.280   0.149   6.866  -0.055  -0.527   0.305  -0.150  -1.8156746049  -0.2033427215 -12.9209893733 2
1621579430.00 2158.00000 456248.00   22 18 20.61883  114 11 26.44280        3.216   0.148   6.720  -0.048   0.391  -0.562  -0.243  -1.9551669097   0.0704222426 -13.4014374028 2
1621579431.00 2158.00000 456249.00   22 18 20.82847  114 11 26.38650        3.204   0.163   6.718  -0.067   0.369   1.632   0.884  -2.1019873447   0.3724798626 -17.0291368715 2
1621579432.00 2158.00000 456250.00   22 18 21.04375  114 11 26.31129        3.170   0.128   7.176  -0.058   0.250   1.658   0.957  -2.3366823167   0.3964867942 -21.1124008125 2
1621579433.00 2158.00000 456251.00   22 18 21.26285  114 11 26.21054        3.189   0.122   7.466  -0.066  -0.230   0.921  -1.890  -2.3918409637   1.0112017535 -27.2881066215 2
1621579434.00 2158.00000 456252.00   22 18 21.46907  114 11 26.08270        3.225   0.138   7.047  -0.069  -2.822  -0.855   0.253  -1.7520132643   0.5956984900 -34.7098237474 2
1621579435.00 2158.00000 456253.00   22 18 21.64321  114 11 25.93869        3.256   0.060   6.361   0.003  -0.891  -1.735  -0.203  -1.5361284966  -0.1864003595 -42.1973336170 2
1621579436.00 2158.00000 456254.00   22 18 21.77673  114 11 25.79623        3.278   0.143   5.290   0.024  -0.320  -0.343  -0.252  -2.1170045685   0.5371994991 -48.4997032057 2
1621579437.00 2158.00000 456255.00   22 18 21.87312  114 11 25.67235        3.311   0.118   3.996  -0.014   0.303  -1.107   0.184  -2.2797188527   0.5950052111 -52.6805590480 2
1621579438.00 2158.00000 456256.00   22 18 21.93924  114 11 25.58104        3.339   0.061   2.597   0.013  -0.046  -1.789  -0.238  -2.0050027787   0.3314618141 -53.7035064363 2
1621579439.00 2158.00000 456257.00   22 18 21.97595  114 11 25.52860        3.354   0.006   1.260   0.007   0.484  -1.122  -0.150  -1.8272082453   0.4260170390 -54.2881984071 2
1621579440.00 2158.00000 456258.00   22 18 21.99092  114 11 25.50655        3.366  -0.000   0.352   0.006   0.400  -0.677   0.054  -1.7010773163   0.4932765546 -54.5236153059 2
1621579441.00 2158.00000 456259.00   22 18 21.99206  114 11 25.50428        3.378  -0.010  -0.011   0.009   0.065   0.070  -0.017  -1.6987969443   0.5762465729 -54.5506703730 2
1621579442.00 2158.00000 456260.00   22 18 21.99174  114 11 25.50423        3.386  -0.006  -0.004   0.006  -0.438  -0.011  -0.003  -1.6936345945   0.5742469502 -54.5486191841 2
1621579443.00 2158.00000 456261.00   22 18 21.99150  114 11 25.50413        3.392  -0.003  -0.001   0.007  -0.172  -0.077   0.030  -1.6936575128   0.5763554349 -54.5481207108 2
1621579444.00 2158.00000 456262.00   22 18 21.99133  114 11 25.50402        3.398  -0.003   0.005   0.005   0.400  -0.025   0.021  -1.6938465889   0.5753011925 -54.5484702151 2
1621579445.00 2158.00000 456263.00   22 18 21.99123  114 11 25.50392        3.402   0.001   0.005   0.004  -0.401   0.049  -0.060  -1.6950268820   0.5767507757 -54.5477826657 2
1621579446.00 2158.00000 456264.00   22 18 21.99121  114 11 25.50378        3.408   0.000   0.006   0.004   0.629   0.067   0.059  -1.6957774567   0.5759486348 -54.5474159728 2
1621579447.00 2158.00000 456265.00   22 18 21.99147  114 11 25.50352        3.413   0.002   0.005   0.002  -0.127   0.082  -0.076  -1.6959779919   0.5759772827 -54.5467456121 2
1621579448.00 2158.00000 456266.00   22 18 21.99172  114 11 25.50330        3.415  -0.001   0.001  -0.000  -0.314   0.089  -0.009  -1.6963446849   0.5752152488 -54.5470091727 2
1621579449.00 2158.00000 456267.00   22 18 21.99188  114 11 25.50324        3.415  -0.001  -0.001   0.000   0.511  -0.029   0.032  -1.6986938118   0.5750261728 -54.5460064966 2
1621579450.00 2158.00000 456268.00   22 18 21.99203  114 11 25.50319        3.414   0.004   0.001  -0.002   0.188  -0.072  -0.032  -1.6982411752   0.5760460376 -54.5458116909 2
1621579451.00 2158.00000 456269.00   22 18 21.99217  114 11 25.50310        3.412   0.004   0.002  -0.008  -0.437   0.033  -0.053  -1.6973416315   0.5743157051 -54.5463502713 2
1621579452.00 2158.00000 456270.00   22 18 21.99241  114 11 25.50289        3.405   0.003   0.002  -0.013  -0.273   0.159   0.009  -1.6974390343   0.5755590235 -54.5452444627 2
1621579453.00 2158.00000 456271.00   22 18 21.99383  114 11 25.50121        3.391   0.009   0.217  -0.017   0.423   0.443   0.087  -1.6837911796   0.6546730359 -54.5741673722 2
1621579454.00 2158.00000 456272.00   22 18 22.00506  114 11 25.48510        3.376   0.026   1.260  -0.030  -0.023   1.653   0.006  -1.6002482035   0.8720818712 -55.3239743204 2
1621579455.00 2158.00000 456273.00   22 18 22.03939  114 11 25.43121        3.361   0.030   2.123  -0.037  -0.511  -0.181   0.175  -1.5739608998   0.5035726061 -57.7210521183 2
1621579456.00 2158.00000 456274.00   22 18 22.07729  114 11 25.36636        3.341   0.019   2.260  -0.066  -0.102   0.395  -0.032  -1.5931721747   0.4105128011 -59.8679077879 2
1621579457.00 2158.00000 456275.00   22 18 22.11700  114 11 25.29441        3.318   0.021   2.688  -0.082   0.204   0.701  -0.049  -2.0141529147   0.8606742815 -60.9639531317 2
1621579458.00 2158.00000 456276.00   22 18 22.16849  114 11 25.19811        3.300  -0.051   3.556  -0.047  -0.408   1.008   0.110  -2.2166419291   0.5295046759 -61.7682827437 2
1621579459.00 2158.00000 456277.00   22 18 22.23135  114 11 25.07213        3.282   0.161   4.525  -0.086  -0.113   2.491   0.664  -2.5671889673   0.9584953659 -64.1053088351 2
1621579460.00 2158.00000 456278.00   22 18 22.30448  114 11 24.92032        3.274   0.107   5.250  -0.076  -0.037   0.238  -0.061  -1.6693755615   0.7686171526 -64.2116669906 2
1621579461.00 2158.00000 456279.00   22 18 22.39243  114 11 24.75137        3.243   0.137   5.794  -0.081   1.260   0.401  -0.659  -1.2204115628   0.3782896547 -61.0372745407 2
1621579462.00 2158.00000 456280.00   22 18 22.49957  114 11 24.57357        3.227   0.165   6.312  -0.046   2.947   4.723  -0.348  -0.3072486176   0.7944231717 -57.6144819684 2
1621579463.00 2158.00000 456281.00   22 18 22.61717  114 11 24.38509        3.250   0.210   6.697  -0.092  -0.309   0.234  -0.190  -0.8462930409   1.2596419830 -57.9453880134 2
1621579464.00 2158.00000 456282.00   22 18 22.74055  114 11 24.18404        3.378   0.218   7.073  -0.075   0.889  -1.012  -0.588  -1.1041813445   2.2002324178 -58.2653677533 2
1621579465.00 2158.00000 456283.00   22 18 22.86959  114 11 23.97375        3.606   0.177   7.313  -0.111   1.100   0.171   0.457  -0.9131973226   3.1474061377 -58.0472541798 2
1621579466.00 2158.00000 456284.00   22 18 23.00393  114 11 23.75938        3.883   0.313   7.352  -0.110   0.694   0.782   1.256  -0.6028948399   2.6987687249 -57.3790879879 2
1621579467.00 2158.00000 456285.00   22 18 23.13700  114 11 23.55099        4.150   0.306   7.051  -0.082  -1.201   1.125   0.153  -0.2404818458   2.7781520275 -57.1827410810 2
1621579468.00 2158.00000 456286.00   22 18 23.26354  114 11 23.35686        4.351   0.174   6.600  -0.053   0.576  -0.499   0.429   0.1383005526   2.2657214938 -56.3300538312 2
1621579469.00 2158.00000 456287.00   22 18 23.38544  114 11 23.17575        4.499   0.171   6.266  -0.121   0.093   0.499   0.767  -0.1374697638   1.7503688754 -55.4017075045 2
1621579470.00 2158.00000 456288.00   22 18 23.50068  114 11 23.00317        4.546   0.085   5.758  -0.031  -0.080  -0.523   0.626   0.5875338414   0.9554873375 -57.8013578829 2
1621579471.00 2158.00000 456289.00   22 18 23.57994  114 11 22.84376        4.547  -0.045   4.643  -0.122  -3.724   0.337  -0.527   0.4537825737   0.6371634457 -69.1689780481 2
1621579472.00 2158.00000 456290.00   22 18 23.60698  114 11 22.69116        4.518   0.028   4.285  -0.038  -2.736  -0.068   1.178  -0.1412283669  -0.0667209352 -89.1713300170 2
1621579473.00 2158.00000 456291.00   22 18 23.57682  114 11 22.55011        4.444  -0.083   4.141  -0.009  -1.762   0.283   0.638   0.7179390356  -0.0925097656 -114.274100712 1
1621579474.00 2158.00000 456292.00   22 18 23.49130  114 11 22.43161        4.400  -0.079   4.641  -0.009  -1.973   2.454   0.142   0.5962198816   0.2838203734 -137.094803427 1
1621579475.00 2158.00000 456293.00   22 18 23.36119  114 11 22.32851        4.351   0.081   5.413  -0.064  -0.224   0.564  -0.089  -0.0961766955   0.0018162762 -147.649900684 1
1621579476.00 2158.00000 456294.00   22 18 23.20243  114 11 22.21664        4.291   0.176   6.269  -0.076   0.056   0.828   0.234  -0.2954342279   0.1308578308 -147.856257163 1
1621579477.00 2158.00000 456295.00   22 18 23.02248  114 11 22.08663        4.238   0.236   7.092  -0.089  -1.300   2.821   0.502  -0.4168669030   0.1214957005 -147.402021953 1
1621579478.00 2158.00000 456296.00   22 18 22.82460  114 11 21.94313        4.206   0.210   7.650  -0.061   0.557  -0.311   0.167  -1.2676920400   0.3911754755 -147.205308353 1
1621579479.00 2158.00000 456297.00   22 18 22.61457  114 11 21.78841        4.169   0.180   8.009  -0.090  -0.775   0.163  -0.088  -1.0620861353   0.2205944807 -146.991537800 1
1621579480.00 2158.00000 456298.00   22 18 22.39870  114 11 21.63056        4.120   0.208   7.985  -0.079  -0.339   0.205   0.614  -1.3570906448   0.2919277262 -147.462171062 1
1621579481.00 2158.00000 456299.00   22 18 22.18717  114 11 21.48099        4.109   0.129   7.576  -0.068   1.487  -1.727  -0.291  -1.1891051489   0.5079328150 -148.618474377 1
1621579482.00 2158.00000 456300.00   22 18 21.98377  114 11 21.34553        4.063   0.150   7.095  -0.066   0.347  -0.296   0.236  -1.4525626022   0.2506117396 -150.756569522 2
1621579483.00 2158.00000 456301.00   22 18 21.78935  114 11 21.22861        4.044   0.171   6.732  -0.016  -0.072   0.267  -0.882  -1.0172407286   0.1319980168 -153.501810854 2
1621579484.00 2158.00000 456302.00   22 18 21.59696  114 11 21.12421        3.993   0.073   6.489  -0.098   1.544   0.853   0.132  -0.7802653846   0.7009909440 -155.374345790 2
1621579485.00 2158.00000 456303.00   22 18 21.40876  114 11 21.02260        3.944   0.179   6.351  -0.082   0.740   0.263   0.501  -0.6578414925  -0.1786883476 -153.732770141 2
1621579486.00 2158.00000 456304.00   22 18 21.23182  114 11 20.91357        3.906   0.160   6.220  -0.006   0.662  -1.849  -0.139  -0.9682012709  -0.2167900409 -150.148655572 2
1621579487.00 2158.00000 456305.00   22 18 21.06922  114 11 20.80261        3.864   0.166   5.703  -0.022   0.058  -1.418   0.086  -1.4246137210  -0.2960301040 -148.286571386 1
1621579488.00 2158.00000 456306.00   22 18 20.91996  114 11 20.69484        3.822   0.142   5.361   0.002  -0.090  -0.684   0.004  -1.7221965406  -0.1850367199 -147.303759691 2
1621579489.00 2158.00000 456307.00   22 18 20.78108  114 11 20.59242        3.764   0.138   4.956  -0.001   0.339  -1.404   0.538  -1.4484888723  -0.7599826786 -147.005048144 2
1621579490.00 2158.00000 456308.00   22 18 20.65557  114 11 20.49908        3.707   0.135   4.366  -0.045  -0.009  -0.777   0.065  -1.3136260665  -0.2809498548 -147.001432781 2
1621579491.00 2158.00000 456309.00   22 18 20.54667  114 11 20.41877        3.656   0.103   3.814  -0.023   0.555  -1.510   0.538  -1.5270070085  -0.4796286999 -147.131843704 2
1621579492.00 2158.00000 456310.00   22 18 20.44772  114 11 20.34567        3.598   0.105   3.766   0.004   1.276   0.790   0.685  -1.8384554068  -0.5111012716 -147.011276196 2
1621579493.00 2158.00000 456311.00   22 18 20.33787  114 11 20.26306        3.540   0.142   4.565  -0.052   0.314   0.326   0.337  -1.7791313567  -0.2206689652 -146.608177468 2
1621579494.00 2158.00000 456312.00   22 18 20.20836  114 11 20.16430        3.466   0.110   5.076  -0.127  -1.100   0.794   0.292  -1.5242396224  -0.2307816703 -146.493780715 2
1621579495.00 2158.00000 456313.00   22 18 20.07101  114 11 20.06485        3.377   0.145   5.019  -0.040   0.100  -0.119  -0.144  -0.9456152747  -0.3241164951 -149.705982650 2
1621579496.00 2158.00000 456314.00   22 18 19.92528  114 11 19.98684        3.294  -0.066   4.893  -0.074  -1.607   0.347  -0.324  -0.7726851529  -0.2839693424 -160.573800271 2
1621579497.00 2158.00000 456315.00   22 18 19.76866  114 11 19.96373        3.235  -0.137   4.949  -0.036  -3.614   0.825   0.007   0.2781767391  -0.5628393605 175.3750930664 2
1621579498.00 2158.00000 456316.00   22 18 19.61520  114 11 20.02623        3.127  -0.093   5.325  -0.067  -1.676   0.694   0.186   1.4718426320  -0.3732075190 146.7569398194 2
1621579499.00 2158.00000 456317.00   22 18 19.48469  114 11 20.15856        3.032   0.013   5.685  -0.047  -0.835   0.957   0.248   0.5251731150   0.0206322102 129.8942361397 2
1621579500.00 2158.00000 456318.00   22 18 19.37055  114 11 20.32161        2.981   0.215   5.913  -0.101  -0.432  -0.084  -0.261  -0.4036544962  -0.0421926120 124.2752791499 2
1621579501.00 2158.00000 456319.00   22 18 19.25819  114 11 20.49299        2.945   0.110   6.060  -0.048  -0.502   0.189  -0.038  -0.1842632269   0.2169791170 123.5282510470 2
1621579502.00 2158.00000 456320.00   22 18 19.14772  114 11 20.66399        2.927   0.139   5.886  -0.047  -0.013   0.171  -0.460  -0.4294605153   0.1928232164 123.5652698501 2
1621579503.00 2158.00000 456321.00   22 18 19.03727  114 11 20.83089        2.896   0.158   5.890  -0.054   0.381   0.095   0.229  -0.6967166789   0.4521267257 124.4234345765 2
1621579504.00 2158.00000 456322.00   22 18 18.92226  114 11 20.99737        2.918   0.158   6.036  -0.025  -0.588   0.814   0.215   0.2881118273   0.3313243042 125.2861829653 2
1621579505.00 2158.00000 456323.00   22 18 18.80336  114 11 21.16976        2.902   0.116   6.222  -0.032  -0.836  -1.220   0.238   0.2248630163   0.4363818455 124.4788739728 2
1621579506.00 2158.00000 456324.00   22 18 18.68892  114 11 21.35016        2.915   0.172   6.323  -0.061  -0.792  -0.592   0.418   0.3078788712   0.7219955768 121.8080369404 2
1621579507.00 2158.00000 456325.00   22 18 18.57863  114 11 21.53861        2.946   0.220   6.496  -0.054  -0.436   0.920   1.448  -0.3182780552   0.5865770019 120.5839355294 2
1621579508.00 2158.00000 456326.00   22 18 18.46463  114 11 21.73722        2.972   0.109   6.863  -0.036   0.536  -0.613  -0.028  -0.4600106250   0.5321460114 119.9773966779 2
1621579509.00 2158.00000 456327.00   22 18 18.34867  114 11 21.94912        2.972   0.167   7.182  -0.054   0.062  -0.099  -0.457  -1.1182990245   0.4514506355 118.8766015140 2
1621579510.00 2158.00000 456328.00   22 18 18.23171  114 11 22.16518        2.998   0.235   7.071  -0.033   0.198  -0.435  -1.245  -1.3848275317   0.5354634370 119.0938384620 2
1621579511.00 2158.00000 456329.00   22 18 18.11536  114 11 22.37350        3.015   0.176   6.851  -0.054   0.478   0.574  -0.058  -1.5319229864   0.5115882857 120.1813008980 2
1621579512.00 2158.00000 456330.00   22 18 17.99820  114 11 22.57250        3.014   0.129   6.603  -0.045   0.389  -0.058  -0.009  -1.8470211259   0.1160984380 121.6067339486 2
1621579513.00 2158.00000 456331.00   22 18 17.88230  114 11 22.76178        3.028   0.161   6.354  -0.051   0.120   0.224  -0.147  -1.2875965938   0.6592280503 122.0021092047 2
1621579514.00 2158.00000 456332.00   22 18 17.77097  114 11 22.94360        3.045   0.128   6.065  -0.041   0.079   0.723   0.034  -1.7247691211   0.2905354388 122.2315730721 2
1621579515.00 2158.00000 456333.00   22 18 17.66410  114 11 23.11368        3.062   0.127   5.639  -0.001   0.695  -1.170  -0.834  -1.3376788347   0.3854802750 122.8138414314 2
1621579516.00 2158.00000 456334.00   22 18 17.56885  114 11 23.26453        3.069   0.151   4.727  -0.069   0.802  -1.286  -0.756  -1.5889208279   0.1936310869 122.9102473100 2
1621579517.00 2158.00000 456335.00   22 18 17.49053  114 11 23.38662        3.100   0.104   3.735  -0.031  -0.263  -1.545  -0.277  -1.0712706487   0.7289742027 123.0394321041 2
1621579518.00 2158.00000 456336.00   22 18 17.43128  114 11 23.47914        3.124   0.063   2.657   0.015  -0.116  -1.282  -0.459  -0.7376545133  -0.1709362286 122.9904556717 2
1621579519.00 2158.00000 456337.00   22 18 17.39223  114 11 23.54048        3.121   0.036   1.658  -0.005  -0.238  -0.882   0.248  -0.6508972440   0.0860124242 122.9661393429 2
1621579520.00 2158.00000 456338.00   22 18 17.36826  114 11 23.57825        3.126   0.027   0.949   0.004  -0.253  -0.901  -0.017  -0.6482043424   0.2242098444 122.9326900668 2
1621579521.00 2158.00000 456339.00   22 18 17.36027  114 11 23.59116        3.136   0.002  -0.039   0.009  -0.300  -0.623  -0.070  -0.7958784845   0.3476593309 122.9293439933 2
1621579522.00 2158.00000 456340.00   22 18 17.36049  114 11 23.59081        3.144  -0.001  -0.006   0.007  -0.181   0.064  -0.020  -0.7769766068   0.4183394045 122.9305758526 2
1621579523.00 2158.00000 456341.00   22 18 17.36055  114 11 23.59064        3.147   0.001  -0.003   0.004  -0.110   0.056   0.009  -0.7743008939   0.4213359738 122.9295330694 2
1621579524.00 2158.00000 456342.00   22 18 17.36057  114 11 23.59053        3.148  -0.003  -0.002   0.001   0.551   0.230   0.033  -0.7773776773   0.4228084753 122.9293497229 2
1621579525.00 2158.00000 456343.00   22 18 17.36060  114 11 23.59045        3.148  -0.002  -0.001   0.001   0.049   0.012   0.045  -0.7781167928   0.4193649990 122.9292809680 2
1621579526.00 2158.00000 456344.00   22 18 17.36061  114 11 23.59043        3.149   0.003  -0.000  -0.001  -0.373  -0.028  -0.029  -0.7766786688   0.4215708865 122.9293669116 2
1621579527.00 2158.00000 456345.00   22 18 17.36061  114 11 23.59043        3.149  -0.001  -0.000  -0.005   0.447   0.089   0.026  -0.7770396322   0.4223558387 122.9300487314 3
1621579528.00 2158.00000 456346.00   22 18 17.36061  114 11 23.59043        3.149  -0.001  -0.002  -0.005  -0.567  -0.011  -0.028  -0.7745128883   0.4214792133 122.9301633230 3
1621579529.00 2158.00000 456347.00   22 18 17.36061  114 11 23.59044        3.149  -0.006  -0.001  -0.006   0.518   0.074   0.065  -0.7766786688   0.4220750894 122.9308050357 3
1621579530.00 2158.00000 456348.00   22 18 17.36061  114 11 23.59044        3.149   0.001  -0.000  -0.004  -0.364   0.127  -0.095  -0.7780996041   0.4244757825 122.9306904441 3
1621579531.00 2158.00000 456349.00   22 18 17.36061  114 11 23.59046        3.146  -0.003   0.001  -0.005   0.366   0.055   0.038  -0.7791481169   0.4225219964 122.9306961737 3
1621579532.00 2158.00000 456350.00   22 18 17.36059  114 11 23.59052        3.140   0.003   0.000  -0.009   0.147  -0.074  -0.049  -0.7770224434   0.4214104583 122.9308623315 3
1621579533.00 2158.00000 456351.00   22 18 17.36056  114 11 23.59057        3.132   0.002   0.003  -0.013  -0.428  -0.062  -0.030  -0.7761228997   0.4205051850 122.9309425456 4
1621579534.00 2158.00000 456352.00   22 18 17.36051  114 11 23.59061        3.124   0.000   0.003  -0.015   0.505   0.018   0.014  -0.7792913563   0.4213818104 122.9309024385 4
1621579535.00 2158.00000 456353.00   22 18 17.36041  114 11 23.59064        3.112   0.007   0.005  -0.017   0.078   0.069  -0.053  -0.7787355873   0.4203562160 122.9315613400 4
1621579536.00 2158.00000 456354.00   22 18 17.35920  114 11 23.59224        3.092   0.009   0.221  -0.022   0.350   0.406  -0.061  -0.8019346484   0.5050565668 122.9290861623 4
1621579537.00 2158.00000 456355.00   22 18 17.34947  114 11 23.60725        3.072   0.033   1.047  -0.030   0.039   1.628  -0.057  -0.8604508280   0.9835049737 122.9223940153 2
1621579538.00 2158.00000 456356.00   22 18 17.31449  114 11 23.66262        3.050   0.066   2.670  -0.026   0.055   1.714   0.079  -1.2352626288   0.7695109668 122.8819145470 3
1621579539.00 2158.00000 456357.00   22 18 17.25304  114 11 23.75953        3.028   0.112   4.008  -0.083   0.022   1.119   0.202  -1.3238877406   0.4815824860 122.8655909794 2
1621579540.00 2158.00000 456358.00   22 18 17.16781  114 11 23.89288        3.021   0.201   5.238  -0.088  -0.983   1.204  -0.151  -0.8302158451   1.0426342181 122.9921745451 2
1621579541.00 2158.00000 456359.00   22 18 17.06054  114 11 24.05838        3.051   0.223   6.296  -0.079   1.218   1.725   1.170  -0.0916904360   1.3246211266 123.2146254091 2
1621579542.00 2158.00000 456360.00   22 18 16.93783  114 11 24.24804        3.062   0.192   6.926  -0.116   0.150   0.527   0.798   0.1379739666   0.6542662358 123.2758115720 2
1621579543.00 2158.00000 456361.00   22 18 16.80463  114 11 24.45727        3.006   0.129   7.551  -0.084  -0.247   0.818  -0.332  -0.9559915403   0.1060945949 122.9542963053 2
1621579544.00 2158.00000 456362.00   22 18 16.66147  114 11 24.68423        2.923   0.233   8.115  -0.075  -0.570  -0.922  -0.128  -0.9508635681   0.2490762127 122.5103686056 2
1621579545.00 2158.00000 456363.00   22 18 16.51127  114 11 24.92272        2.915   0.275   8.369  -0.077  -0.031  -0.859  -0.526   0.0010943494   0.7891118529 122.5656074667 2
1621579546.00 2158.00000 456364.00   22 18 16.35682  114 11 25.16397        2.929   0.271   8.376  -0.089  -0.642  -0.264   0.525   0.6407043248   0.8549676219 123.3972327880 2
1621579547.00 2158.00000 456365.00   22 18 16.20328  114 11 25.40095        2.931   0.229   8.167  -0.098   0.837  -1.416  -0.179   0.2111005700   0.6447379477 123.1196576545 2
1621579548.00 2158.00000 456366.00   22 18 16.05798  114 11 25.63369        2.886   0.260   7.802  -0.054  -0.769  -0.830   0.662  -1.4799557144   0.0127425814 122.2065806531 2
1621579549.00 2158.00000 456367.00   22 18 15.92445  114 11 25.85088        2.898   0.169   7.118  -0.055  -0.308  -0.510   0.188  -1.6004487387   0.2610739489 121.7980159085 2
1621579550.00 2158.00000 456368.00   22 18 15.80420  114 11 26.04799        2.889   0.197   6.365  -0.015  -0.408  -1.721   0.104  -1.2492943652  -0.0122899447 121.4773543489 2
1621579551.00 2158.00000 456369.00   22 18 15.70103  114 11 26.22168        2.872   0.129   5.463  -0.048  -0.106  -0.407   0.224  -0.8840566892   0.5058644373 119.7865387067 2
1621579552.00 2158.00000 456370.00   22 18 15.62507  114 11 26.38089        2.871   0.052   4.790  -0.077  -2.140  -0.945  -0.192  -0.1246526979   0.4798750717 110.6140401757 2
1621579553.00 2158.00000 456371.00   22 18 15.59875  114 11 26.53356        2.864  -0.100   4.266  -0.046  -2.529  -0.100   0.459   0.3297486703   0.6555210134  89.7174214098 2
1621579554.00 2158.00000 456372.00   22 18 15.62984  114 11 26.67128        2.865  -0.094   3.912  -0.030  -1.425  -0.715   0.423   0.0264763797   0.5176960158  66.2577618910 2
1621579555.00 2158.00000 456373.00   22 18 15.70648  114 11 26.78259        2.873  -0.054   4.123  -0.086  -0.792   0.008  -0.320  -0.7260120109   0.9566676305  45.0922884092 2
1621579556.00 2158.00000 456374.00   22 18 15.81982  114 11 26.87599        2.864  -0.018   4.700  -0.062   0.135   0.861   0.027  -1.9957495103   0.7386514599  33.4972784838 2
1621579557.00 2158.00000 456375.00   22 18 15.95771  114 11 26.97085        2.858   0.101   5.326  -0.078  -0.124   0.778   0.631  -1.5410673928   0.5648160649  30.5018436717 2
1621579558.00 2158.00000 456376.00   22 18 16.11402  114 11 27.07387        2.875   0.152   5.838  -0.065   0.469   0.220  -0.087  -0.9898017798   0.7588539518  29.8853754616 2
1621579559.00 2158.00000 456377.00   22 18 16.27764  114 11 27.18204        2.880   0.200   5.971  -0.104  -0.453   0.050   0.905  -0.9592803181   0.8822232242  30.8267565782 2
1621579560.00 2158.00000 456378.00   22 18 16.44273  114 11 27.29529        2.899   0.146   6.002  -0.060  -0.265  -0.450  -0.185  -1.2644777468   0.3475963056  31.4671343171 2
1621579561.00 2158.00000 456379.00   22 18 16.60477  114 11 27.40842        2.879   0.124   5.880  -0.042   0.385   0.314  -0.087  -1.5134336384   0.2043110202  31.9561022290 2
1621579562.00 2158.00000 456380.00   22 18 16.75998  114 11 27.52019        2.882   0.111   5.641  -0.044  -0.887   0.808  -0.119  -1.2973024989   0.7867283485  32.6773644198 2
1621579563.00 2158.00000 456381.00   22 18 16.90759  114 11 27.62852        2.903   0.119   5.362   0.013   0.946   0.089  -0.411  -1.3591303746  -0.0341139071  33.2978834415 2
1621579564.00 2158.00000 456382.00   22 18 17.04628  114 11 27.73362        2.884   0.171   5.095  -0.015   0.377  -0.404   0.825  -0.5761548996   0.6620584619  33.6310641290 2
1621579565.00 2158.00000 456383.00   22 18 17.17798  114 11 27.83288        2.903   0.137   4.815   0.011  -0.899   0.265   0.164  -0.0092475388   0.4671324904  33.4510407897 2
1621579566.00 2158.00000 456384.00   22 18 17.29975  114 11 27.92401        2.914   0.034   4.283   0.021   0.051  -1.129   0.581  -1.0340914174   0.0013521804  34.1462219417 2
1621579567.00 2158.00000 456385.00   22 18 17.40007  114 11 28.00427        2.903   0.152   3.455  -0.013  -0.445  -0.864   0.459  -1.0394371136   0.4262691404  36.2321721977 2
1621579568.00 2158.00000 456386.00   22 18 17.47597  114 11 28.07505        2.906   0.194   2.843  -0.002   0.006  -0.782  -0.125  -0.2463890406   0.3994203381  40.8810944516 2
1621579569.00 2158.00000 456387.00   22 18 17.53638  114 11 28.14138        2.917   0.092   2.479  -0.006  -0.097  -0.612   0.154   1.2705740177   0.9034799584  43.5494276585 2
1621579570.00 2158.00000 456388.00   22 18 17.58973  114 11 28.19702        2.949   0.030   2.103  -0.002  -0.386  -0.458  -0.122   2.0176651460   1.2838723682  41.2829956970 2
1621579571.00 2158.00000 456389.00   22 18 17.63828  114 11 28.24019        2.990   0.011   1.773  -0.009  -0.220  -0.280   0.133   1.9555450618   1.4263268648  37.3101521822 2
1621579572.00 2158.00000 456390.00   22 18 17.68191  114 11 28.27424        3.031  -0.002   1.588  -0.014   0.189  -0.432  -0.119   1.8636999273   1.6943966284  34.3077731216 2
1621579573.00 2158.00000 456391.00   22 18 17.72072  114 11 28.30202        3.075   0.030   1.265   0.034   0.252  -0.409   0.003   1.7863334362   1.7018966459  31.9011097398 2
1621579574.00 2158.00000 456392.00   22 18 17.74994  114 11 28.32036        3.103  -0.031   0.803  -0.004   0.448  -0.596   0.204   1.3219339545   1.8742366211  29.4809474723 2
1621579575.00 2158.00000 456393.00   22 18 17.76113  114 11 28.32678        3.122  -0.001   0.054   0.011  -0.047  -0.419  -0.007   1.0151322439   1.8916258902  28.6802217649 2
1621579576.00 2158.00000 456394.00   22 18 17.76136  114 11 28.32695        3.129  -0.002   0.008   0.010  -0.478  -0.003  -0.081   1.0349222062   1.9499243459  28.6800155001 2
1621579577.00 2158.00000 456395.00   22 18 17.76147  114 11 28.32702        3.131   0.002   0.007   0.010  -0.309  -0.055  -0.064   1.0360222852   1.9466985935  28.6799180973 2
1621579578.00 2158.00000 456396.00   22 18 17.76147  114 11 28.32702        3.130  -0.002   0.005   0.012  -0.357   0.005  -0.054   1.0339768258   1.9460339624  28.6801759283 2
1621579579.00 2158.00000 456397.00   22 18 17.76147  114 11 28.32702        3.130   0.001   0.005   0.010  -0.449  -0.044  -0.006   1.0367556711   1.9456672694  28.6801816579 2
1621579580.00 2158.00000 456398.00   22 18 17.76147  114 11 28.32701        3.131   0.006   0.005   0.009   0.429  -0.104  -0.018   1.0338851526   1.9415419733  28.6810525537 2
1621579581.00 2158.00000 456399.00   22 18 17.76147  114 11 28.32701        3.132   0.003   0.004   0.009  -0.577  -0.021   0.023   1.0372025782   1.9398402887  28.6805197030 2
1621579582.00 2158.00000 456400.00   22 18 17.76147  114 11 28.32701        3.136   0.001   0.003   0.010   0.310   0.113   0.028   1.0348591808   1.9398517478  28.6808863960 2
1621579583.00 2158.00000 456401.00   22 18 17.76147  114 11 28.32702        3.151   0.003   0.002   0.011   0.075   0.051   0.001   1.0394199249   1.9383735167  28.6818031284 2
1621579584.00 2158.00000 456402.00   22 18 17.76147  114 11 28.32702        3.151   0.003   0.001   0.012  -0.537  -0.072  -0.061   1.0365436767   1.9368838264  28.6821927397 2
1621579585.00 2158.00000 456403.00   22 18 17.76147  114 11 28.32702        3.151  -0.002   0.001   0.012   0.041  -0.182   0.030   1.0371853895   1.9343227051  28.6824677595 2
1621579586.00 2158.00000 456404.00   22 18 17.76147  114 11 28.32702        3.151  -0.002   0.004   0.009   0.382   0.070   0.046   1.0389844770   1.9357837475  28.6822672242 2
1621579587.00 2158.00000 456405.00   22 18 17.76147  114 11 28.32702        3.151   0.003  -0.001   0.008   0.432   0.070  -0.051   1.0354435978   1.9357207221  28.6816025932 2
1621579588.00 2158.00000 456406.00   22 18 17.76147  114 11 28.32702        3.151   0.003  -0.001   0.007   0.058  -0.139  -0.046   1.0379703417   1.9352795446  28.6819349087 2
1621579589.00 2158.00000 456407.00   22 18 17.76147  114 11 28.32702        3.151   0.002  -0.001   0.004  -0.187   0.033  -0.024   1.0379703417   1.9372906265  28.6815796749 2
1621579590.00 2158.00000 456408.00   22 18 17.76147  114 11 28.32702        3.151   0.001   0.000   0.004  -0.435   0.153  -0.044   1.0369103697   1.9375198096  28.6813504918 2
1621579591.00 2158.00000 456409.00   22 18 17.76147  114 11 28.32702        3.151   0.001   0.001   0.006  -0.509  -0.179  -0.053   1.0378385614   1.9345748065  28.6817916693 2
1621579592.00 2158.00000 456410.00   22 18 17.76147  114 11 28.32702        3.151   0.002   0.002   0.005  -0.446   0.125  -0.034   1.0376609444   1.9375427279  28.6812874664 2
1621579593.00 2158.00000 456411.00   22 18 17.76147  114 11 28.32702        3.151   0.001   0.001   0.002  -0.427   0.028  -0.018   1.0353633837   1.9374224068  28.6820437707 2
1621579594.00 2158.00000 456412.00   22 18 17.76147  114 11 28.32702        3.151  -0.001   0.004   0.002  -0.490  -0.058  -0.006   1.0351170118   1.9377203448  28.6822844130 2
1621579595.00 2158.00000 456413.00   22 18 17.76147  114 11 28.32702        3.151  -0.002   0.001   0.001  -0.567   0.127   0.009   1.0352774400   1.9382130885  28.6822328468 2
1621579596.00 2158.00000 456414.00   22 18 17.76147  114 11 28.32702        3.151  -0.000  -0.002   0.002  -0.470  -0.133   0.044   1.0336044033   1.9385855111  28.6827370496 2
1621579597.00 2158.00000 456415.00   22 18 17.76147  114 11 28.32702        3.151  -0.002   0.003   0.002  -0.301   0.098   0.067   1.0334210568   1.9403444915  28.6826797539 2
1621579598.00 2158.00000 456416.00   22 18 17.76147  114 11 28.32702        3.151  -0.002  -0.002  -0.001  -0.425   0.194  -0.006   1.0334267863   1.9395308915  28.6826052693 2
1621579599.00 2158.00000 456417.00   22 18 17.76147  114 11 28.32702        3.151  -0.002  -0.001  -0.001  -0.329  -0.208   0.041   1.0298744480   1.9366661025  28.6826625651 2
1621579600.00 2158.00000 456418.00   22 18 17.76147  114 11 28.32702        3.151  -0.002  -0.001  -0.002  -0.355   0.159  -0.005   1.0324298398   1.9420690945  28.6829203961 2
1621579601.00 2158.00000 456419.00   22 18 17.76147  114 11 28.32701        3.151   0.000  -0.001  -0.004  -0.357  -0.109  -0.022   1.0302182227   1.9415534325  28.6829719623 2
1621579602.00 2158.00000 456420.00   22 18 17.76148  114 11 28.32705        3.151   0.000   0.004  -0.005  -0.287   0.008   0.031   1.0326532933   1.9397715337  28.6819864749 2
1621579603.00 2158.00000 456421.00   22 18 17.76145  114 11 28.32712        3.147   0.000  -0.003  -0.009  -0.490   0.064   0.018   1.0343721667   1.9420862832  28.6827026722 2
1621579604.00 2158.00000 456422.00   22 18 17.76142  114 11 28.32713        3.141  -0.002  -0.001  -0.009  -0.454  -0.116   0.076   1.0351170118   1.9447161595  28.6831839567 2
1621579605.00 2158.00000 456423.00   22 18 17.76143  114 11 28.32716        3.137   0.000   0.000  -0.010  -0.327   0.150   0.007   1.0322579524   1.9373937589  28.6831381201 2
1621579606.00 2158.00000 456424.00   22 18 17.76144  114 11 28.32722        3.133  -0.002  -0.002  -0.013  -0.320  -0.157  -0.005   1.0336846174   1.9387917759  28.6826912130 2
1621579607.00 2158.00000 456425.00   22 18 17.76145  114 11 28.32726        3.131  -0.000  -0.001  -0.012  -0.468  -0.018   0.029   1.0354092203   1.9412956015  28.6822099285 2
1621579608.00 2158.00000 456426.00   22 18 17.76146  114 11 28.32728        3.131   0.003  -0.004  -0.012  -0.439   0.054  -0.007   1.0346414569   1.9445156243  28.6813504918 2
1621579609.00 2158.00000 456427.00   22 18 17.76177  114 11 28.32747        3.132   0.003   0.053  -0.012   0.403   0.382  -0.001   1.0307625326   1.9669755698  28.6577618194 3
1621579610.00 2158.00000 456428.00   22 18 17.76665  114 11 28.33037        3.136   0.003   0.446  -0.018   0.055   1.041  -0.006   1.0066925756   2.0775220468  28.3693978906 3
1621579611.00 2158.00000 456429.00   22 18 17.79565  114 11 28.34703        3.159   0.042   1.592  -0.045   0.105   1.268  -0.028   0.7062449670   2.2521252053  27.1557128524 3
1621579612.00 2158.00000 456430.00   22 18 17.85979  114 11 28.38199        3.214   0.029   2.805  -0.061   0.063   1.210   0.231  -0.4188321482   2.4841960307  25.8852992628 3
1621579613.00 2158.00000 456431.00   22 18 17.95557  114 11 28.43109        3.315   0.017   3.540  -0.050   0.388   0.242  -0.272  -2.0421304438   2.3702519139  24.1773579121 3
1621579614.00 2158.00000 456432.00   22 18 18.05979  114 11 28.47918        3.416   0.040   3.304   0.002   1.161  -0.540  -0.209  -3.0813498335   1.1618781944  20.7713071666 3
1621579615.00 2158.00000 456433.00   22 18 18.15924  114 11 28.51298        3.446  -0.003   3.298  -0.039  -0.521   0.900  -0.139  -3.1341020577   0.7610140026  12.8410899974 3
1621579616.00 2158.00000 456434.00   22 18 18.27543  114 11 28.52205        3.432  -0.111   3.823  -0.026  -1.412   0.604  -0.230  -2.4602292061   0.0626472053  -3.9136803042 3
1621579617.00 2158.00000 456435.00   22 18 18.40399  114 11 28.48519        3.382  -0.076   4.318  -0.034  -2.219   0.297   0.336  -1.3804902412  -0.6539854865 -24.0807118026 3
1621579618.00 2158.00000 456436.00   22 18 18.51828  114 11 28.39890        3.269   0.041   4.429   0.018  -0.772   1.316   0.484  -1.8325596711  -0.0175840747 -43.0309700202 3
1621579619.00 2158.00000 456437.00   22 18 18.61987  114 11 28.27715        3.177   0.113   5.156  -0.127  -3.112   1.384  -1.997  -1.3695639360  -0.3818477226 -52.5440174759 3
1621579620.00 2158.00000 456438.00   22 18 18.72677  114 11 28.11824        3.024   0.229   5.956  -0.093   1.836   1.188   0.915  -2.3744918016  -0.0796525927 -56.1944805577 3
1621579621.00 2158.00000 456439.00   22 18 18.84217  114 11 27.94113        2.968   0.160   6.419  -0.021  -0.201   0.564  -0.066  -1.9684652601  -0.0377579187 -56.5254152506 3
1621579622.00 2158.00000 456440.00   22 18 18.96307  114 11 27.75726        2.930   0.162   6.434  -0.090   0.416  -0.096   0.478  -0.8461727197   0.9936635154 -56.2251910955 3
1621579623.00 2158.00000 456441.00   22 18 19.08109  114 11 27.57472        2.963   0.078   6.231  -0.090  -0.579   0.684  -0.616  -0.9844790019   0.4886871626 -57.1735393789 3
1621579624.00 2158.00000 456442.00   22 18 19.19133  114 11 27.39259        2.956   0.063   6.251  -0.052  -1.042   1.627   0.537  -2.1576330057   0.7379123443 -58.7147041745 3
1621579625.00 2158.00000 456443.00   22 18 19.30541  114 11 27.20438        2.950   0.207   6.512  -0.030   0.202  -0.643   0.944  -1.8543377969   0.4076193642 -57.0434435819 3
1621579626.00 2158.00000 456444.00   22 18 19.43128  114 11 27.02559        2.964   0.173   6.327  -0.022   0.318  -0.641  -0.941  -1.0271700872  -0.0059988681 -52.2648609789 3
1621579627.00 2158.00000 456445.00   22 18 19.56491  114 11 26.87364        2.956   0.233   5.468  -0.044   0.885  -2.335  -0.053  -0.8445856266   0.7507867060 -44.5172339999 3
1621579628.00 2158.00000 456446.00   22 18 19.68543  114 11 26.76789        2.992   0.177   4.011  -0.024   0.158  -1.351   0.162   0.0404450908   0.7798413958 -38.5669698947 2
1621579629.00 2158.00000 456447.00   22 18 19.77106  114 11 26.70462        3.020   0.093   2.370   0.004  -0.554  -1.747   0.103   0.5162979988   0.6966593831 -34.7587486136 1
1621579630.00 2158.00000 456448.00   22 18 19.81738  114 11 26.67391        3.017   0.036   1.349  -0.006   0.200  -0.085  -0.055   0.3475561985   1.0097636294 -32.1679767034 3
1621579631.00 2158.00000 456449.00   22 18 19.85697  114 11 26.65047        3.028   0.071   1.640  -0.041   0.054   0.845   0.058  -0.0160943845   1.3460096411 -29.2363063643 3
1621579632.00 2158.00000 456450.00   22 18 19.92205  114 11 26.61823        3.053   0.114   2.751  -0.001   0.370   1.513  -0.093  -0.2502908832   1.1575752814 -24.5790074675 1
1621579633.00 2158.00000 456451.00   22 18 20.01158  114 11 26.58280        3.077   0.083   3.091  -0.038   0.571   0.693  -0.116  -0.4017178989   0.8840853370 -20.1054217580 2
1621579634.00 2158.00000 456452.00   22 18 20.11801  114 11 26.54824        3.079   0.074   3.655  -0.040   0.057   0.014   0.453  -0.7624292084  -0.0276051066 -17.0354508664 2
1621579635.00 2158.00000 456453.00   22 18 20.23223  114 11 26.51613        3.050   0.072   3.536  -0.008   0.265  -0.532  -0.204  -1.6310676033  -0.4333852762 -14.7040168430 1
1621579636.00 2158.00000 456454.00   22 18 20.33578  114 11 26.49104        3.011   0.075   2.931  -0.022  -1.436  -0.841  -0.155  -1.7957070257  -0.1997560057 -13.4683646029 2
1621579637.00 2158.00000 456455.00   22 18 20.41809  114 11 26.47229        2.984   0.029   2.244   0.002  -0.290  -0.748   0.026  -1.9897735605  -0.3406119500 -12.8367531183 2
1621579638.00 2158.00000 456456.00   22 18 20.47832  114 11 26.45934        2.959   0.030   1.551  -0.019   0.210  -1.251  -0.062  -1.9214999096  -0.2323114676 -12.5336928221 2
1621579639.00 2158.00000 456457.00   22 18 20.51403  114 11 26.45165        2.941   0.014   0.775  -0.011   0.368  -0.308  -0.025  -1.9555737097  -0.1180522241 -12.3410185748 2
1621579640.00 2158.00000 456458.00   22 18 20.52962  114 11 26.44821        2.928   0.005   0.307  -0.013   0.459   0.342   0.080  -1.9889427717  -0.0100496797 -12.2367173377 2
1621579641.00 2158.00000 456459.00   22 18 20.54197  114 11 26.44559        2.917   0.013   0.485  -0.015   0.375   0.387   0.042  -1.9812765964  -0.0212280863 -12.1299409230 2
1621579642.00 2158.00000 456460.00   22 18 20.56830  114 11 26.44018        2.894   0.031   1.401  -0.035  -0.051   1.751  -0.133  -1.9397829929   0.3568896810 -12.1673550671 2
1621579643.00 2158.00000 456461.00   22 18 20.63606  114 11 26.42506        2.863   0.023   2.734  -0.051  -0.852   1.316   0.073  -1.9060758858   0.4689487666 -13.4291169939 2
1621579644.00 2158.00000 456462.00   22 18 20.73825  114 11 26.39952        2.839  -0.002   3.739  -0.055   0.325   0.777  -0.463  -2.5194730421   0.5925300334 -14.5334988736 2
1621579645.00 2158.00000 456463.00   22 18 20.87167  114 11 26.36476        2.823   0.117   4.698  -0.078  -0.093   0.987   0.134  -2.0597145186   0.4841436073 -15.5082662409 2
1621579646.00 2158.00000 456464.00   22 18 21.03136  114 11 26.31492        2.785   0.076   5.509  -0.056  -0.729   1.001   1.985  -2.2604101750   0.4793021139 -19.2954542414 2
1621579647.00 2158.00000 456465.00   22 18 21.20839  114 11 26.24025        2.777   0.101   6.189  -0.054  -1.035  -0.106   0.133  -2.3409966889   0.9614632873 -25.5239409224 2
1621579648.00 2158.00000 456466.00   22 18 21.39391  114 11 26.13003        2.796   0.131   6.878  -0.072  -1.060   0.721  -0.508  -2.0020520461   0.5274993237 -34.0568753145 2
1621579649.00 2158.00000 456467.00   22 18 21.57703  114 11 25.97672        2.791   0.084   7.446  -0.094  -2.391   0.445  -0.255  -1.7252675944   0.7785121337 -43.5771019314 2
1621579650.00 2158.00000 456468.00   22 18 21.74513  114 11 25.77900        2.778   0.178   7.881  -0.123   0.584   1.099   0.606  -1.6246390168   0.7174176440 -53.0799908453 2
1621579651.00 2158.00000 456469.00   22 18 21.89622  114 11 25.54767        2.792   0.194   8.262  -0.070  -0.206   1.532   0.641  -1.9746646635   0.5812141170 -57.6044208295 2
1621579652.00 2158.00000 456470.00   22 18 22.04633  114 11 25.30437        2.804   0.191   8.432  -0.090  -2.149   1.798   0.537  -1.5643237497   0.5091933221 -58.1616394740 2
1621579653.00 2158.00000 456471.00   22 18 22.19643  114 11 25.05570        2.818   0.214   8.479  -0.064   0.362   0.446  -0.303  -1.8400711478   0.7506778440 -58.4902823357 2
1621579654.00 2158.00000 456472.00   22 18 22.34543  114 11 24.80769        2.867   0.280   8.387  -0.064   2.148  -0.528  -0.187  -1.7336556965   0.1609151968 -58.4886665947 2
1621579655.00 2158.00000 456473.00   22 18 22.49426  114 11 24.56725        2.875   0.223   8.135  -0.041   0.295   0.717  -1.169  -0.4423577953   0.7012143976 -57.8168277433 2
1621579656.00 2158.00000 456474.00   22 18 22.63740  114 11 24.33585        2.929   0.101   7.676  -0.118  -0.270  -0.061   0.153  -1.2100868633   1.5058362180 -57.5998830038 2
1621579657.00 2158.00000 456475.00   22 18 22.77081  114 11 24.12277        3.118   0.124   6.967  -0.068  -0.544  -0.034   0.657  -1.2780683057   2.3650723755 -57.4558013070 2
1621579658.00 2158.00000 456476.00   22 18 22.88967  114 11 23.93442        3.374   0.202   6.043  -0.071  -0.202  -1.379  -0.668  -0.7125646915   3.0493615998 -57.2608294989 2
1621579659.00 2158.00000 456477.00   22 18 22.99080  114 11 23.77409        3.597   0.188   5.018  -0.018  -0.262  -0.679  -0.309  -0.7899942079   2.4102500976 -57.3398690268 2
1621579660.00 2158.00000 456478.00   22 18 23.07309  114 11 23.64434        3.775   0.038   3.968  -0.050  -0.780  -1.290  -0.054  -0.2812306042   2.8719509481 -57.2999510572 2
1621579661.00 2158.00000 456479.00   22 18 23.13494  114 11 23.54629        3.932   0.002   2.811   0.017   0.230  -1.211  -0.537  -0.4644854254   2.4326240995 -57.1763468720 2
1621579662.00 2158.00000 456480.00   22 18 23.17693  114 11 23.48119        4.025  -0.010   1.779  -0.006  -1.172   0.521  -0.338  -0.0377579187   2.2101732356 -56.8796635962 2
1621579663.00 2158.00000 456481.00   22 18 23.20272  114 11 23.44115        4.079   0.022   1.069   0.002  -0.054  -0.561  -0.149  -0.0429832938   2.1774745342 -56.8388861899 2
1621579664.00 2158.00000 456482.00   22 18 23.21864  114 11 23.41661        4.119   0.007   0.678   0.001  -0.128  -0.254  -0.004   0.0031569975   2.2869266618 -56.8868943235 2
1621579665.00 2158.00000 456483.00   22 18 23.22849  114 11 23.40097        4.141   0.002   0.380   0.002  -0.282  -0.503   0.116  -0.1782471701   2.4938446399 -56.9866806531 2
1621579666.00 2158.00000 456484.00   22 18 23.23124  114 11 23.39671        4.155   0.001  -0.011   0.006   0.456  -0.032  -0.056  -0.2018243833   2.4871066563 -57.0056913928 1
1621579667.00 2158.00000 456485.00   22 18 23.23129  114 11 23.39698        4.158   0.006   0.005   0.006  -0.315   0.084  -0.063  -0.1833063874   2.5015050857 -57.0040470039 1
1621579668.00 2158.00000 456486.00   22 18 23.23129  114 11 23.39701        4.157   0.001   0.005   0.006   0.224   0.079   0.009  -0.1831803367   2.4991903362 -57.0039438715 1
1621579669.00 2158.00000 456487.00   22 18 23.23138  114 11 23.39680        4.163   0.006   0.002   0.006  -0.026   0.071  -0.058  -0.1823896549   2.4984684093 -57.0041329476 1
1621579670.00 2158.00000 456488.00   22 18 23.23151  114 11 23.39651        4.169  -0.000  -0.001   0.006  -0.528  -0.025  -0.013  -0.1835928663   2.4965375416 -57.0040298152 1
1621579671.00 2158.00000 456489.00   22 18 23.23151  114 11 23.39651        4.169  -0.001  -0.000   0.007   0.323  -0.122   0.037  -0.1852372552   2.4948816935 -57.0043162941 1
1621579672.00 2158.00000 456490.00   22 18 23.23151  114 11 23.39651        4.169   0.004   0.001   0.004   0.441  -0.074  -0.036  -0.1859992890   2.4957812373 -57.0055023167 1
1621579673.00 2158.00000 456491.00   22 18 23.23151  114 11 23.39651        4.168   0.001   0.000   0.003  -0.280   0.182  -0.007  -0.1851685002   2.4948473161 -57.0057945252 1
1621579674.00 2158.00000 456492.00   22 18 23.23151  114 11 23.39651        4.168  -0.001  -0.003   0.000  -0.472   0.053   0.000  -0.1861196102   2.4951395245 -57.0054965871 1
1621579675.00 2158.00000 456493.00   22 18 23.23151  114 11 23.39651        4.168  -0.005  -0.001   0.000  -0.264  -0.155   0.013  -0.1849393171   2.4932086568 -57.0053418885 1
1621579676.00 2158.00000 456494.00   22 18 23.23151  114 11 23.39651        4.168  -0.004   0.001  -0.002   0.300   0.092   0.019  -0.1861539876   2.4966578627 -57.0046657983 1
1621579677.00 2158.00000 456495.00   22 18 23.23151  114 11 23.39646        4.167  -0.002  -0.001  -0.003   0.456   0.175  -0.036  -0.1861826355   2.4977178346 -57.0055252350 1
1621579678.00 2158.00000 456496.00   22 18 23.23151  114 11 23.39636        4.165  -0.002  -0.002  -0.004   0.405  -0.200   0.044  -0.1849221284   2.4945837555 -57.0056971223 1
1621579679.00 2158.00000 456497.00   22 18 23.23151  114 11 23.39629        4.163  -0.000   0.000  -0.006   0.424   0.041  -0.068  -0.1855065453   2.4983079812 -57.0053476181 1
1621579680.00 2158.00000 456498.00   22 18 23.23149  114 11 23.39625        4.159  -0.000  -0.004  -0.007   0.312   0.129  -0.056  -0.1833293057   2.5030291534 -57.0066826098 1
1621579681.00 2158.00000 456499.00   22 18 23.23146  114 11 23.39620        4.156   0.000  -0.001  -0.006  -0.053  -0.177  -0.002  -0.1816047027   2.5030921787 -57.0070378436 1
1621579682.00 2158.00000 456500.00   22 18 23.23186  114 11 23.39544        4.150   0.001   0.095  -0.010   0.111   0.140   0.072  -0.1751474684   2.5387702606 -57.0068315788 1
1621579683.00 2158.00000 456501.00   22 18 23.23828  114 11 23.38515        4.150   0.015   0.884  -0.027   0.010   1.377   0.048  -0.1813869788   2.7298975219 -57.0227025097 1
1621579684.00 2158.00000 456502.00   22 18 23.26646  114 11 23.34047        4.193   0.045   2.167  -0.024  -0.018   1.078  -0.006  -0.2865304638   2.3911190368 -57.1371107222 1
1621579685.00 2158.00000 456503.00   22 18 23.31680  114 11 23.26159        4.262   0.062   3.322  -0.039  -0.102   0.724   0.306  -0.2303634111   2.2508475094 -56.9439666495 1
1621579686.00 2158.00000 456504.00   22 18 23.38582  114 11 23.15459        4.350   0.092   3.847  -0.028   0.677  -0.091  -0.053  -0.2543073174   1.5282274086 -56.5811984215 1
1621579687.00 2158.00000 456505.00   22 18 23.45669  114 11 23.04770        4.393   0.136   3.764  -0.043   0.266   0.533   0.404   0.7059470290   0.9173684554 -56.1984396961 1
1621579688.00 2158.00000 456506.00   22 18 23.52980  114 11 22.93105        4.414  -0.037   4.121  -0.023   0.792   0.685  -0.001   0.2451686405   0.5577457657 -58.9944107109 1
1621579689.00 2158.00000 456507.00   22 18 23.58457  114 11 22.80539        4.411  -0.097   3.834   0.035  -1.930  -0.425  -0.191  -0.3139579534   0.2390838288 -72.0473575827 1
1621579690.00 2158.00000 456508.00   22 18 23.59883  114 11 22.67612        4.387  -0.093   3.809   0.026   0.093   0.623   1.014  -0.2489673507   0.0015928227 -92.4493762616 1
1621579691.00 2158.00000 456509.00   22 18 23.56629  114 11 22.54714        4.350  -0.080   3.991  -0.036  -2.465   1.115   0.617   0.8798225310   0.0675288057 -115.197038317 1
1621579692.00 2158.00000 456510.00   22 18 23.48317  114 11 22.42903        4.327  -0.111   4.534  -0.025  -1.354  -0.969  -0.386   0.6607234702   0.1596489600 -135.442530655 1
1621579693.00 2158.00000 456511.00   22 18 23.35975  114 11 22.32680        4.290   0.067   4.993  -0.024  -0.680  -0.697  -0.242  -0.0131608406  -0.1321240676 -146.728441310 1
1621579694.00 2158.00000 456512.00   22 18 23.22306  114 11 22.23159        4.248   0.125   4.984  -0.035   0.074  -0.434  -0.095  -0.2658352282  -0.0392017723 -148.520532972 1
1621579695.00 2158.00000 456513.00   22 18 23.08905  114 11 22.13748        4.213   0.136   4.867  -0.011  -0.533  -0.225  -0.349  -0.3992427212   0.0575020443 -147.956100788 1
1621579696.00 2158.00000 456514.00   22 18 22.95765  114 11 22.04328        4.177   0.181   4.889  -0.084  -1.795  -1.248   2.916  -0.7369497753  -0.0096715276 -147.403196516 1
1621579697.00 2158.00000 456515.00   22 18 22.82681  114 11 21.94776        4.151   0.155   4.796  -0.012   0.096  -0.961  -0.082  -1.2933605493   0.2583982360 -146.755112495 1
1621579698.00 2158.00000 456516.00   22 18 22.70152  114 11 21.85449        4.151   0.092   4.547  -0.010   0.088  -0.629  -0.048  -1.0025329020   0.0968241378 -146.843244863 1
1621579699.00 2158.00000 456517.00   22 18 22.58528  114 11 21.76938        4.136   0.110   4.110  -0.024   0.434  -0.413  -0.102  -1.1461562325   0.1143394576 -147.105401702 1
1621579700.00 2158.00000 456518.00   22 18 22.48275  114 11 21.69501        4.126   0.083   3.340  -0.010   0.023  -1.219  -0.043  -1.4538517573  -0.0779279897 -147.300694367 1
1621579701.00 2158.00000 456519.00   22 18 22.40616  114 11 21.63959        4.119   0.046   2.302  -0.006  -0.325  -1.475  -0.028  -1.4528777290   0.0856342721 -147.485627954 1
1621579702.00 2158.00000 456520.00   22 18 22.36322  114 11 21.60845        4.120   0.023   0.976  -0.006   0.064  -1.014   0.008  -1.3259331999   0.4132572689 -147.463981609 1
1621579703.00 2158.00000 456521.00   22 18 22.34935  114 11 21.59842        4.120  -0.001   0.094  -0.002   0.135  -0.662  -0.076  -1.3320294709   0.4839430721 -147.445314644 1
1621579704.00 2158.00000 456522.00   22 18 22.34938  114 11 21.59845        4.121   0.000  -0.002   0.001  -0.340   0.141  -0.031  -1.3286547494   0.5520505652 -147.442134728 1
1621579705.00 2158.00000 456523.00   22 18 22.34943  114 11 21.59849        4.121  -0.001   0.001  -0.001   0.589   0.118  -0.008  -1.3277609353   0.5523370441 -147.441361235 1
1621579706.00 2158.00000 456524.00   22 18 22.34943  114 11 21.59847        4.120   0.002  -0.000  -0.002  -0.444   0.081  -0.022  -1.3284083776   0.5521078610 -147.441200807 1
1621579707.00 2158.00000 456525.00   22 18 22.34944  114 11 21.59844        4.119   0.001  -0.001  -0.002   0.292   0.003   0.047  -1.3292334368   0.5524802835 -147.440484609 1
1621579708.00 2158.00000 456526.00   22 18 22.34945  114 11 21.59843        4.119   0.005   0.002  -0.002   0.440  -0.060  -0.051  -1.3284026480   0.5533683681 -147.441011731 1
1621579709.00 2158.00000 456527.00   22 18 22.34945  114 11 21.59843        4.119   0.004   0.002  -0.003  -0.177   0.007  -0.051  -1.3282536790   0.5540387287 -147.440627849 1
1621579710.00 2158.00000 456528.00   22 18 22.34945  114 11 21.59843        4.119  -0.001   0.001  -0.003  -0.473   0.131  -0.014  -1.3180493007   0.5533225315 -147.439642362 1
1621579711.00 2158.00000 456529.00   22 18 22.34945  114 11 21.59843        4.119  -0.004  -0.001  -0.003  -0.067   0.066   0.035  -1.3340119048   0.5431066940 -147.440083539 1
1621579712.00 2158.00000 456530.00   22 18 22.34945  114 11 21.59843        4.119   0.002   0.001  -0.004   0.581  -0.185  -0.079  -1.3271879775   0.5447338941 -147.442839466 1
1621579713.00 2158.00000 456531.00   22 18 22.34945  114 11 21.59843        4.119  -0.000   0.001  -0.003   0.154  -0.035  -0.051  -1.3237559603   0.5526063342 -147.439802790 1
1621579714.00 2158.00000 456532.00   22 18 22.34945  114 11 21.59843        4.119   0.002  -0.000  -0.005  -0.089   0.120  -0.051  -1.3327456681   0.5582385094 -147.440255426 1
1621579715.00 2158.00000 456533.00   22 18 22.34945  114 11 21.59843        4.119  -0.001   0.001  -0.005  -0.523  -0.179   0.053  -1.3218709291   0.5543366668 -147.438232885 1
1621579716.00 2158.00000 456534.00   22 18 22.34945  114 11 21.59843        4.119  -0.000   0.003  -0.005  -0.446  -0.028   0.031  -1.3294798087   0.5544111513 -147.439556418 1
1621579717.00 2158.00000 456535.00   22 18 22.34945  114 11 21.59843        4.119  -0.002   0.000  -0.005  -0.268   0.146   0.052  -1.3282364903   0.5550299457 -147.439355883 1
1621579718.00 2158.00000 456536.00   22 18 22.34945  114 11 21.59843        4.119  -0.003  -0.000  -0.002   0.156  -0.069   0.049  -1.3293480284   0.5530303230 -147.439023567 1
1621579719.00 2158.00000 456537.00   22 18 22.34945  114 11 21.59843        4.119  -0.001   0.002  -0.003   0.557   0.015  -0.035  -1.3337884513   0.5492488016 -147.440203860 1
1621579720.00 2158.00000 456538.00   22 18 22.34945  114 11 21.59843        4.119   0.000   0.001  -0.000   0.472   0.152  -0.038  -1.3396956462   0.5385574091 -147.439218373 1
1621579721.00 2158.00000 456539.00   22 18 22.34945  114 11 21.59843        4.119   0.008   0.004   0.001   0.107  -0.046  -0.026  -1.3328659892   0.5594589095 -147.439693928 1
1621579722.00 2158.00000 456540.00   22 18 22.34945  114 11 21.59843        4.119   0.006   0.002   0.002   0.092  -0.074  -0.069  -1.3319320680   0.5527954103 -147.438135483 1
1621579723.00 2158.00000 456541.00   22 18 22.34945  114 11 21.59843        4.119   0.004  -0.001   0.001  -0.055   0.148  -0.060  -1.3299840115   0.5536777653 -147.438742818 1
1621579724.00 2158.00000 456542.00   22 18 22.34945  114 11 21.59843        4.119   0.003  -0.000   0.004  -0.342  -0.167  -0.031  -1.3261165464   0.5509046496 -147.437883381 1
1621579725.00 2158.00000 456543.00   22 18 22.34945  114 11 21.59843        4.119   0.005   0.002   0.004  -0.520  -0.004   0.006  -1.3280073071   0.5549382725 -147.437619821 1
1621579726.00 2158.00000 456544.00   22 18 22.34945  114 11 21.59843        4.119  -0.001  -0.001   0.005  -0.499   0.092   0.051  -1.3286203720   0.5547549260 -147.438565201 1
1621579727.00 2158.00000 456545.00   22 18 22.34945  114 11 21.59843        4.119   0.000  -0.001   0.003  -0.380  -0.195   0.058  -1.3276062367   0.5520562948 -147.437722953 1
1621579728.00 2158.00000 456546.00   22 18 22.34945  114 11 21.59843        4.119  -0.000   0.000   0.004   0.092   0.016   0.070  -1.3293021917   0.5542220752 -147.438175590 1
1621579729.00 2158.00000 456547.00   22 18 22.34945  114 11 21.59843        4.119   0.001  -0.002   0.003   0.359   0.155   0.037  -1.3286490199   0.5556601993 -147.437912029 1
1621579730.00 2158.00000 456548.00   22 18 22.34945  114 11 21.59843        4.119   0.000  -0.002   0.004   0.471  -0.147  -0.056  -1.3290730086   0.5528641653 -147.436622874 1
1621579731.00 2158.00000 456549.00   22 18 22.34945  114 11 21.59843        4.119   0.000   0.000   0.001   0.503   0.042   0.046  -1.3291818706   0.5554195570 -147.437058322 1
1621579732.00 2158.00000 456550.00   22 18 22.34945  114 11 21.59843        4.119   0.001  -0.001   0.001   0.482   0.049  -0.009  -1.3285573466   0.5574019910 -147.437447933 1
1621579733.00 2158.00000 456551.00   22 18 22.34945  114 11 21.59843        4.119   0.002   0.002   0.001   0.514  -0.157  -0.036  -1.3282364903   0.5541533203 -147.437459392 1
1621579734.00 2158.00000 456552.00   22 18 22.34945  114 11 21.59843        4.119   0.001   0.001  -0.001   0.539   0.235  -0.024  -1.3267238817   0.5575108530 -147.437963595 1
1621579735.00 2158.00000 456553.00   22 18 22.34945  114 11 21.59843        4.119  -0.001  -0.002  -0.000   0.329  -0.111  -0.100  -1.3311127384   0.5537064132 -147.437327612 1
1621579736.00 2158.00000 456554.00   22 18 22.34945  114 11 21.59843        4.119   0.000   0.003  -0.002   0.402  -0.041  -0.069  -1.3313934877   0.5546517936 -147.437654198 1
1621579737.00 2158.00000 456555.00   22 18 22.34945  114 11 21.59843        4.119   0.003  -0.002  -0.003   0.172   0.180  -0.068  -1.3275260226   0.5574650164 -147.438307370 1
1621579738.00 2158.00000 456556.00   22 18 22.34945  114 11 21.59843        4.119  -0.000  -0.002  -0.003   0.155  -0.081  -0.065  -1.3240424392   0.5558779233 -147.438003702 1
1621579739.00 2158.00000 456557.00   22 18 22.34945  114 11 21.59843        4.119   0.001  -0.003  -0.002  -0.225   0.036  -0.070  -1.3275604001   0.5518041933 -147.438106835 1
1621579740.00 2158.00000 456558.00   22 18 22.34945  114 11 21.59843        4.119   0.001  -0.002  -0.001  -0.476   0.106   0.007  -1.3267811775   0.5531563737 -147.437081240 1
1621579741.00 2158.00000 456559.00   22 18 22.34945  114 11 21.59843        4.119  -0.001   0.000   0.000  -0.475  -0.215  -0.019  -1.3264717802   0.5493633931 -147.436846327 1
1621579742.00 2158.00000 456560.00   22 18 22.34945  114 11 21.59843        4.119  -0.002   0.000   0.001  -0.471   0.126   0.024  -1.3287979889   0.5513744750 -147.438880328 1
1621579743.00 2158.00000 456561.00   22 18 22.34945  114 11 21.59843        4.119  -0.001  -0.001   0.000  -0.514  -0.033   0.012  -1.3259904957   0.5503374214 -147.438880328 1
1621579744.00 2158.00000 456562.00   22 18 22.34945  114 11 21.59843        4.119  -0.003   0.001   0.003  -0.441  -0.067   0.062  -1.3276578029   0.5484695790 -147.439252750 1
1621579745.00 2158.00000 456563.00   22 18 22.34945  114 11 21.59843        4.119   0.002  -0.000   0.002  -0.072   0.060  -0.142  -1.3268843099   0.5498446777 -147.439292857 1
1621579746.00 2158.00000 456564.00   22 18 22.34949  114 11 21.59828        4.110  -0.000   0.002   0.002  -0.496   0.207   0.105  -1.3239507659   0.5502171002 -147.439791331 1
1621579747.00 2158.00000 456565.00   22 18 22.34951  114 11 21.59815        4.103   0.001   0.004   0.001   0.112   0.089  -0.077  -1.3279099043   0.5492373424 -147.439848626 1
1621579748.00 2158.00000 456566.00   22 18 22.34951  114 11 21.59815        4.103   0.002   0.001  -0.001  -0.169   0.148  -0.095  -1.3300527665   0.5494837143 -147.440158024 1
1621579749.00 2158.00000 456567.00   22 18 22.34951  114 11 21.59815        4.103   0.002   0.002  -0.001  -0.456  -0.149  -0.043  -1.3285859945   0.5468080014 -147.439373071 1
1621579750.00 2158.00000 456568.00   22 18 22.34951  114 11 21.59815        4.103   0.003   0.002  -0.002  -0.026   0.140  -0.071  -1.3286203720   0.5493519340 -147.439888733 1
1621579751.00 2158.00000 456569.00   22 18 22.34951  114 11 21.59815        4.103   0.002  -0.001  -0.003  -0.170  -0.071  -0.073  -1.3286719382   0.5480054832 -147.440352829 1
1621579752.00 2158.00000 456570.00   22 18 22.34951  114 11 21.59815        4.103   0.002  -0.002  -0.003  -0.039   0.068  -0.080  -1.3297032622   0.5499707284 -147.441006001 1
1621579753.00 2158.00000 456571.00   22 18 22.34951  114 11 21.59815        4.103   0.004  -0.004  -0.004  -0.192   0.077  -0.038  -1.3292105185   0.5499077030 -147.440444502 1
1621579754.00 2158.00000 456572.00   22 18 22.34952  114 11 21.59814        4.103   0.004  -0.002  -0.005   0.046  -0.178  -0.083  -1.3290672791   0.5484638494 -147.440851302 1
1621579755.00 2158.00000 456573.00   22 18 22.34952  114 11 21.59814        4.102   0.003  -0.003  -0.002   0.090   0.221  -0.063  -1.3267124225   0.5517239792 -147.441945652 1
1621579756.00 2158.00000 456574.00   22 18 22.34952  114 11 21.59814        4.102   0.004  -0.003  -0.004  -0.310  -0.069  -0.081  -1.3254691041   0.5494321481 -147.441619066 1
1621579757.00 2158.00000 456575.00   22 18 22.34952  114 11 21.59814        4.102   0.004  -0.001  -0.005  -0.397  -0.107  -0.052  -1.3230913292   0.5486758438 -147.441842519 1
1621579758.00 2158.00000 456576.00   22 18 22.34953  114 11 21.59817        4.100   0.002  -0.002  -0.005  -0.338   0.105  -0.043  -1.3321727103   0.5498332185 -147.442524339 1
1621579759.00 2158.00000 456577.00   22 18 22.34914  114 11 21.59793        4.092   0.003   0.114  -0.005  -0.429   0.279   0.067  -1.3223464841   0.6152420804 -147.440971624 1
1621579760.00 2158.00000 456578.00   22 18 22.34053  114 11 21.59185        4.086   0.004   0.536  -0.015  -0.045   0.548  -0.051  -1.3823294357   0.6190293314 -147.426831025 1
1621579761.00 2158.00000 456579.00   22 18 22.31239  114 11 21.57151        4.074   0.049   1.762  -0.019  -0.057   1.506   0.403  -1.2434845732   0.8511230751 -147.544791576 1
1621579762.00 2158.00000 456580.00   22 18 22.24803  114 11 21.52671        4.069   0.059   2.950  -0.054  -0.331   1.145   0.407  -1.3487025427   0.7607332533 -148.708222486 1
1621579763.00 2158.00000 456581.00   22 18 22.14944  114 11 21.46280        4.065   0.060   4.136  -0.110  -1.288   1.385  -0.278  -1.2021399387   0.5356811610 -150.969239996 1
1621579764.00 2158.00000 456582.00   22 18 22.01392  114 11 21.38181        4.025   0.119   5.341  -0.080  -0.450   1.052  -0.186  -1.2491282075   0.3066126345 -152.977497175 1
1621579765.00 2158.00000 456583.00   22 18 21.84417  114 11 21.28768        4.003   0.173   6.327  -0.105   0.644   1.791  -0.152  -1.2222049207   0.5619856534 -154.495749389 1
1621579766.00 2158.00000 456584.00   22 18 21.64621  114 11 21.17708        3.969   0.192   7.325  -0.091  -0.548   1.991   0.381  -0.1121049222   0.4405186008 -153.719076450 1
1621579767.00 2158.00000 456585.00   22 18 21.42772  114 11 21.04683        3.928   0.258   7.921  -0.089  -0.157   0.501   0.092  -0.5567144416  -0.2500502410 -150.659092212 1
1621579768.00 2158.00000 456586.00   22 18 21.20704  114 11 20.89456        3.881   0.208   8.125   0.002  -0.335  -1.056   0.286  -0.9838888554  -0.3758832319 -147.760779476 1
1621579769.00 2158.00000 456587.00   22 18 20.98808  114 11 20.74173        3.798   0.148   7.846  -0.077   0.262   0.656   0.227  -1.7975805977   0.2621396504 -148.762286784 1
1621579770.00 2158.00000 456588.00   22 18 20.77949  114 11 20.59603        3.733   0.207   7.413  -0.006   0.543  -2.156   0.264  -1.4807578553  -0.8509168103 -148.046141106 2
1621579771.00 2158.00000 456589.00   22 18 20.58917  114 11 20.45752        3.657   0.112   6.772  -0.020  -0.396  -0.655  -0.354  -1.4905668928  -0.3465764407 -146.981190182 2
1621579772.00 2158.00000 456590.00   22 18 20.41317  114 11 20.32512        3.557   0.193   6.430  -0.110  -0.487   0.718   0.521  -1.8223953998  -0.2220899005 -146.131849005 2
1621579773.00 2158.00000 456591.00   22 18 20.24262  114 11 20.19381        3.468   0.213   6.275  -0.038   0.043  -0.402   0.612  -1.8868646109  -0.4755606995 -146.084327886 2
1621579774.00 2158.00000 456592.00   22 18 20.08241  114 11 20.07517        3.363   0.104   5.611  -0.016  -0.923  -0.355  -0.279  -1.0411846349  -0.5486300071 -149.376766830 2
1621579775.00 2158.00000 456593.00   22 18 19.92462  114 11 19.99441        3.268  -0.120   5.161  -0.077  -1.453  -0.613   0.178  -0.6279502843  -0.5029939188 -163.011529425 2
1621579776.00 2158.00000 456594.00   22 18 19.76063  114 11 19.97986        3.198  -0.048   5.016   0.004  -2.816   0.483   0.482   0.1508368691  -0.7474635508 172.8010629830 2
1621579777.00 2158.00000 456595.00   22 18 19.61115  114 11 20.04064        3.115  -0.070   4.916  -0.026  -2.270   0.171  -0.015   1.2963800368  -0.5828069396 148.1633907783 2
1621579778.00 2158.00000 456596.00   22 18 19.49605  114 11 20.15572        3.036  -0.011   4.815  -0.047  -0.468   0.270   0.387   0.4588074136  -0.1546642272 129.6593692803 2
1621579779.00 2158.00000 456597.00   22 18 19.40093  114 11 20.29737        2.991   0.103   5.200  -0.030   0.049   0.674   0.360  -0.4807345084  -0.1621986222 123.3816311472 2
1621579780.00 2158.00000 456598.00   22 18 19.29921  114 11 20.45788        2.945   0.121   5.896  -0.081  -0.456   1.214   0.166  -0.7028244090   0.4253581375 122.7848096599 2
1621579781.00 2158.00000 456599.00   22 18 19.18385  114 11 20.63962        2.918   0.118   6.636  -0.045  -0.261   0.506  -0.007  -0.6351351751   0.4930531010 122.9901978407 2
1621579782.00 2158.00000 456600.00   22 18 19.05781  114 11 20.83869        2.876   0.153   7.144  -0.126  -0.299   1.387   0.061  -1.1831406582   0.6206966386 122.8465916990 2
1621579783.00 2158.00000 456601.00   22 18 18.92238  114 11 21.05287        2.899   0.175   7.670  -0.075  -0.184   0.335  -0.327  -0.5993253129   0.3087211192 122.5354526979 2
1621579784.00 2158.00000 456602.00   22 18 18.77936  114 11 21.27972        2.866   0.197   7.968  -0.079   1.288  -0.054   0.833  -1.0916450279   0.5729520656 122.9682134501 2
1621579785.00 2158.00000 456603.00   22 18 18.63345  114 11 21.50957        2.897   0.198   7.929  -0.027  -0.074  -2.046  -0.562  -1.5297801243   0.2175234269 122.9276193903 2
1621579786.00 2158.00000 456604.00   22 18 18.48945  114 11 21.73611        2.903   0.190   7.801  -0.053   0.309   0.272   0.064  -1.1901937687   0.4254211629 122.9137022455 2
1621579787.00 2158.00000 456605.00   22 18 18.34826  114 11 21.95868        2.890   0.196   7.621  -0.059   0.140  -0.335  -0.385  -1.1477089482   0.4852895229 123.0953642440 2
1621579788.00 2158.00000 456606.00   22 18 18.21043  114 11 22.17515        2.921   0.178   7.401   0.007  -1.467  -1.038  -0.557  -1.4197206614   0.5627706055 123.1871406237 2
1621579789.00 2158.00000 456607.00   22 18 18.07604  114 11 22.38399        2.924   0.213   7.169  -0.053  -0.422  -0.035   0.037  -0.6055992007   0.5385803274 123.2767798707 2
1621579790.00 2158.00000 456608.00   22 18 17.95131  114 11 22.58990        2.918   0.120   6.943  -0.054  -0.463   0.304   0.034  -1.0289462564   0.3585340699 119.9634336964 2
1621579791.00 2158.00000 456609.00   22 18 17.84190  114 11 22.79587        2.924   0.148   6.669  -0.032  -0.531  -0.544   0.061  -1.2127396579   0.4859541539 118.2720279077 2
1621579792.00 2158.00000 456610.00   22 18 17.73638  114 11 22.99031        2.923   0.174   6.194  -0.021  -0.197  -0.643  -0.241  -1.8221776759   0.2012399664 119.9172303798 2
1621579793.00 2158.00000 456611.00   22 18 17.63641  114 11 23.16054        2.932   0.139   5.344  -0.031   0.125  -1.526  -0.179  -1.3782557058   0.2111521362 121.4170791888 2